*Vertices 427
452
570
553
366
223
370
517
619
352
245
302
245
264
389
358
316
409
422
430
535
304
232
609
494
353
337
344
346
405
498
439
420
532
546
413
411
363
552
565
470
556
567
540
556
387
426
573
593
636
638
615
608
526
586
567
635
854
854
700
640
714
396
513
346
503
452
577
854
595
441
492
587
385
438
556
513
540
566
771
576
671
556
515
495
467
578
512
499
532
564
558
513
528
453
432
461
578
569
437
439
515
558
528
530
621
508
573
611
539
445
549
415
537
513
558
488
475
402
339
339
392
449
376
516
359
370
346
487
375
485
438
465
457
587
549
272
341
320
452
548
232
290
406
461
475
541
370
440
396
471
520
409
514
422
514
503
342
431
394
520
309
382
335
665
575
745
559
663
643
696
681
591
494
653
673
703
617
619
558
755
647
709
492
446
569
479
496
453
510
625
438
435
462
373
335
477
407
478
593
656
575
801
524
483
479
496
429
538
527
532
556
596
685
809
599
761
654
549
461
427
424
459
463
753
346
513
554
444
399
375
694
408
475
455
676
397
329
336
358
383
445
691
456
608
471
440
437
431
477
441
402
417
399
341
432
499
455
373
484
447
478
323
397
463
447
427
263
384
414
480
549
554
485
418
425
382
430
475
479
531
521
464
546
514
496
395
519
510
504
479
413
356
497
389
375
401
458
212
318
349
350
336
506
413
660
424
461
562
501
384
552
598
556
419
411
347
569
536
507
430
827
806
793
854
398
580
369
282
440
403
557
577
415
431
428
295
524
298
409
498
451
486
419
725
504
501
396
429
414
548
412
562
452
467
528
434
548
489
548
452
563
513
605
530
536
564
506
445
556
469
528
563
535
576
539
600
536
567
542
546
584
610
576
530
629
449
529
602
435
461
419
471
580
104
543
709
824
562
632
377
501
360
337
321
374
553
448
568
591
648
591
573
684
638
676
597
582
616
609
609
508
572
640
624
598
583
812
