*Vertices 427
2.8763112773166E-4
4.4876447333659E-4
4.4403751756646E-4
1.4136212254182E-4
4.3852849399686E-5
1.5326536698709E-4
4.1549814499240E-4
6.8720463176810E-4
1.2473304209117E-4
5.4368977308227E-5
8.8948493017712E-5
5.6738347447398E-5
6.3232808842720E-5
1.6446681680994E-4
1.3738245271541E-4
1.0293777016986E-4
2.1856352441321E-4
2.2455817523820E-4
2.4000813976744E-4
4.2768350495093E-4
9.1240575421382E-5
5.1072534000405E-5
7.5191083854175E-4
3.6457782155060E-4
1.4362002430131E-4
1.3421732568928E-4
1.5206813969771E-4
1.2513232564391E-4
2.2064762761166E-4
4.1272817138713E-4
3.3029115724001E-4
2.7688322557665E-4
5.0880788687268E-4
4.8705933132866E-4
2.9991578959968E-4
2.5707906930054E-4
1.6696248931601E-4
5.4177687983152E-4
5.2789191520813E-4
3.6716002728255E-4
5.7668729344854E-4
5.8657962587451E-4
4.9991126187580E-4
5.5591785703400E-4
2.1117440431975E-4
2.4256775455380E-4
5.3605987009495E-4
6.6278344401910E-4
7.5556441501597E-4
7.9215176592750E-4
6.7750197955682E-4
6.9089598168810E-4
4.7929937689779E-4
6.0378992505568E-4
5.6395343966468E-4
8.1130389737134E-4
0.001706114
0.001706114
9.5585511887897E-4
7.2086207743812E-4
9.9539003329762E-4
2.6824897437174E-4
4.9231488318879E-4
1.7517858321807E-4
4.7903230214641E-4
3.4189459756512E-4
7.2557178948017E-4
0.001706114
6.7796794748494E-4
3.6638251038970E-4
4.8678975657913E-4
6.8915369782155E-4
2.2306763141681E-4
2.9070826994006E-4
5.5685903925935E-4
5.5429307706550E-4
5.8841436647891E-4
6.0256780236173E-4
0.001283648
7.2687304104697E-4
8.3827428255544E-4
4.9769176335876E-4
4.5267889816413E-4
3.7984076480859E-4
3.8949054568739E-4
6.8920482311526E-4
4.6175048903813E-4
4.2467625300305E-4
4.9238301334398E-4
5.6164579810412E-4
5.9274480681397E-4
4.5829944034208E-4
5.0770053085295E-4
3.4035411089969E-4
2.8948105466519E-4
3.2913344002500E-4
5.9186658169020E-4
6.4918455380231E-4
2.8925633458476E-4
2.8511720122476E-4
4.8123261434863E-4
5.7050166186823E-4
4.7797506846733E-4
3.8435732741495E-4
6.0810056525266E-4
3.8945210948617E-4
6.2090554638679E-4
6.9324336804431E-4
4.5583367339393E-4
2.3913759026649E-4
4.7406107374599E-4
2.6667733748827E-4
4.9138113060660E-4
4.1271087876743E-4
5.2164720851619E-4
3.1667857921765E-4
3.1615195988758E-4
1.9648231755679E-4
1.5548191441642E-4
1.6879698485225E-4
2.1938442998911E-4
3.4603138031498E-4
2.0280931833006E-4
3.9980094358576E-4
1.7086423293163E-4
1.8882057777096E-4
1.6095574126638E-4
4.1111559554972E-4
1.9831030585851E-4
3.5477695073573E-4
2.4582113154880E-4
3.3395923008280E-4
2.8515583704295E-4
6.0590024932346E-4
5.5184040473035E-4
7.9576121655343E-5
1.2495976504697E-4
1.3254768452424E-4
3.0419717871022E-4
4.6966509332699E-4
5.6223456136445E-5
8.8845066732503E-5
2.3446525362410E-4
2.9091494293159E-4
3.2172980671939E-4
4.8370286495994E-4
1.5980899950008E-4
2.6534556766843E-4
2.1921550873635E-4
3.1835396881154E-4
4.4523750353387E-4
2.7235413964243E-4
4.8774258333180E-4
2.5424133328621E-4
4.6432244108754E-4
3.9916588506550E-4
1.5489197916713E-4
2.7761912143346E-4
2.2502860393205E-4
4.1618257567281E-4
9.6909078723584E-5
2.0322530700201E-4
1.2993991865025E-4
8.2383262241560E-4
6.0845277559396E-4
0.001116323
5.4568779007251E-4
8.2010044494127E-4
7.9797160564829E-4
0.001025127
8.6045331079366E-4
6.3651041744994E-4
3.7136900609193E-4
7.4137113693913E-4
9.6079629138142E-4
0.001171428
8.2353177912653E-4
9.0512490705656E-4
6.2153336232670E-4
0.001178350
9.6940882850222E-4
0.001226939
4.0752024194624E-4
3.1444705008034E-4
6.5559161162412E-4
3.2468438033389E-4
3.6787079344604E-4
2.9306817941904E-4
4.0392450509775E-4
6.4855420573358E-4
2.9226587047099E-4
2.6301936091603E-4
3.5045964764430E-4
1.7823262748906E-4
1.5654436651775E-4
3.6089638008721E-4
2.2675878021558E-4
3.8111643039368E-4
6.2186541942970E-4
8.3622293095474E-4
6.3697487498380E-4
0.001407364
4.5396764088861E-4
3.6727806298731E-4
3.9294063812857E-4
4.4338068150283E-4
2.7493262569943E-4
4.9870330338804E-4
4.5033233891120E-4
5.3892652259483E-4
6.5088202336294E-4
7.1775129372825E-4
0.001066591
0.001524829
7.3074624668467E-4
0.001065524
7.7773079713232E-4
4.5148047801845E-4
2.7967616660330E-4
2.2537331439813E-4
2.2742086207371E-4
2.7047821589902E-4
2.9807113556493E-4
0.001280359
1.5124970856182E-4
3.8906751929721E-4
6.0237283864133E-4
3.0155863176628E-4
2.1755780530225E-4
1.9817387592582E-4
9.4348242442826E-4
2.1206664390332E-4
3.3666651263298E-4
2.7508469997007E-4
8.5424928708183E-4
2.0705033823655E-4
1.5369862600435E-4
1.6459596924863E-4
1.7703400927147E-4
2.1889162444129E-4
2.9957822362304E-4
0.001010419
2.8989303011610E-4
6.5696062252109E-4
3.1112643427295E-4
2.9285128093416E-4
2.5719486907110E-4
2.4670922770782E-4
3.3179269679780E-4
2.7858018564645E-4
2.3551919585308E-4
2.2861143166121E-4
2.5561854497204E-4
1.6852997281899E-4
2.9906377108543E-4
4.2438682162702E-4
3.3191378042554E-4
1.9456728754123E-4
3.4391168308547E-4
3.2364601707288E-4
3.2859501732682E-4
1.1643131101712E-4
2.1249804976490E-4
3.2213812613985E-4
2.8245347978013E-4
2.2538156377703E-4
7.3727120079428E-5
1.8972280330274E-4
2.6039826473433E-4
3.3101458458067E-4
5.5665665332225E-4
5.5148886938869E-4
4.0431175216486E-4
3.4173462186786E-4
3.7680698143197E-4
2.1744300587859E-4
3.0478811583273E-4
4.8731908187479E-4
4.3085030143265E-4
4.4541157995432E-4
5.0978767851830E-4
3.6082555183290E-4
5.6102320160290E-4
4.9566352197282E-4
3.9127119994437E-4
1.9387109193203E-4
4.3395210314841E-4
4.2080388802881E-4
4.0072270731534E-4
3.1456049778372E-4
2.7658730060040E-4
1.6060339568608E-4
4.1357673724623E-4
2.1927476089642E-4
1.9486893970884E-4
2.3243298041326E-4
3.5280459261027E-4
3.6785225223211E-5
1.4049665997386E-4
1.7236337777324E-4
1.6155723125200E-4
1.7011878503088E-4
3.8943580652322E-4
2.5097584461065E-4
8.1843495127188E-4
2.5460283157283E-4
3.2740960357211E-4
5.4080561368412E-4
4.0185781630224E-4
1.8963762057160E-4
5.1162702151607E-4
6.5795925671256E-4
5.2031348057984E-4
2.5785844275325E-4
2.3657213205478E-4
1.5131930620648E-4
4.5199079138361E-4
5.3464898115297E-4
3.8332662200690E-4
2.9508517646817E-4
0.001606620
0.001374363
0.001330604
0.001706114
2.3904636284433E-4
6.4524722300156E-4
1.8590378894230E-4
1.0288741486790E-4
2.8775587267854E-4
2.4117272290106E-4
5.6730232928295E-4
6.2024079573938E-4
2.7149933719566E-4
2.5032658769629E-4
2.7031076809165E-4
1.0500562058043E-4
4.6541310461032E-4
9.5523932380240E-5
2.9444162725255E-4
4.4189826178350E-4
3.4730709677303E-4
3.5555144324846E-4
2.9979578086673E-4
0.001229991
4.4244122862236E-4
4.1018684398175E-4
2.2069820639281E-4
2.4519532053291E-4
2.2019058537651E-4
4.5902699149199E-4
2.1371879298819E-4
6.2871807937196E-4
3.5546074278653E-4
3.8979569382902E-4
6.0598044268808E-4
2.6282269945163E-4
5.5171887419918E-4
4.7479706684510E-4
6.3996855431177E-4
2.8813364217210E-4
7.0316966274166E-4
4.9644452643007E-4
7.7531396321344E-4
5.2037939373896E-4
6.1453283707254E-4
6.3076414441321E-4
4.6694604915998E-4
3.2820758770088E-4
5.9974428837416E-4
3.4785547368092E-4
5.3586849685205E-4
5.9944321351082E-4
4.9191586235225E-4
6.6597276746445E-4
5.1590308097018E-4
7.5889451969056E-4
5.6147778240899E-4
6.1631813865754E-4
5.6569577547919E-4
5.4317790402063E-4
6.8867715852436E-4
7.0204183883538E-4
5.8302943569304E-4
5.1134608718854E-4
7.4266370145060E-4
3.3832625583579E-4
4.9505027478778E-4
6.6307869834951E-4
3.2513874221681E-4
3.7148851382315E-4
3.6484792550330E-4
3.9292179475011E-4
5.8167566205951E-4
7.9141890283909E-6
4.7743684060074E-4
0.001154814
0.001521370
6.1279443630451E-4
7.6775405210636E-4
2.0910039893464E-4
3.7891814975355E-4
1.7611802266762E-4
1.5741092432187E-4
1.5013038348590E-4
1.8701129201093E-4
5.4747623628604E-4
3.4224458546296E-4
5.6846592383199E-4
6.5796233211406E-4
8.0484619095919E-4
6.2098773337065E-4
5.4340982095077E-4
8.4496333458699E-4
8.1877370122494E-4
9.2210502222220E-4
6.4088462692998E-4
6.7294401963917E-4
7.2065451233618E-4
7.2784320017992E-4
6.9311484222089E-4
4.1292099365871E-4
6.2172096032981E-4
8.2172356436964E-4
7.1529206099592E-4
6.5012970821120E-4
5.9186325009023E-4
0.001448190
