*Vertices 427
0.814531549
0.871165644
0.876543210
0.753982301
0.656394453
0.753982301
0.850299401
0.930131004
0.739583333
0.672985782
0.714765101
0.682692308
0.681600000
0.773139746
0.734482759
0.737024221
0.783088235
0.766187050
0.793296089
0.838582677
0.714765101
0.665625000
0.936263736
0.827184466
0.726962457
0.720812183
0.735751295
0.725724020
0.767567568
0.846918489
0.808349146
0.794776119
0.887500000
0.853707415
0.793296089
0.778793419
0.740869565
0.889352818
0.908315565
0.836935167
0.881987578
0.878350515
0.889352818
0.896842105
0.832031250
0.848605578
0.918103448
0.885654886
0.961625282
0.955156951
0.932166302
0.893081761
0.848605578
0.874743326
0.864097363
0.936263736
1
1
0.940397351
0.934210526
0.995327103
0.770343580
0.860606061
0.739583333
0.836935167
0.802259887
0.920086393
1
0.924078091
0.797752809
0.820809249
0.916129032
0.763440860
0.785977860
0.902542373
0.857142857
0.910256410
0.880165289
0.997658080
0.889352818
0.948775056
0.852000000
0.843564356
0.820809249
0.809885932
0.926086957
0.833659491
0.840236686
0.855421687
0.889352818
0.876543210
0.841897233
0.850299401
0.791821561
0.768953069
0.802259887
0.910256410
0.900634249
0.783088235
0.785977860
0.828793774
0.874743326
0.858870968
0.836935167
0.920086393
0.833659491
0.891213389
0.908315565
0.836935167
0.780219780
0.846918489
0.785977860
0.846918489
0.864097363
0.869387755
0.827184466
0.817658349
0.768953069
0.768953069
0.774545455
0.808349146
0.920086393
0.788888889
0.874743326
0.787430684
0.796261682
0.751322751
0.833659491
0.762075134
0.830409357
0.819230769
0.843564356
0.833659491
0.914163090
0.910256410
0.701812191
0.743455497
0.722033898
0.802259887
0.869387755
0.669811321
0.715966387
0.780219780
0.816091954
0.828793774
0.874743326
0.758007117
0.840236686
0.846918489
0.850299401
0.845238095
0.771739130
0.832031250
0.780219780
0.843564356
0.833659491
0.726962457
0.794776119
0.758007117
0.853707415
0.700657895
0.737024221
0.704132231
0.914163090
0.883817427
0.968181818
0.869387755
0.904458599
0.891213389
0.930131004
0.926086957
0.889352818
0.864097363
0.902542373
0.920086393
0.953020134
0.924078091
0.934210526
0.902542373
0.968181818
0.924078091
0.938325991
0.880165289
0.876543210
0.918103448
0.858870968
0.862348178
0.852000000
0.858870968
0.900634249
0.858870968
0.852000000
0.845238095
0.800751880
0.791821561
0.889352818
0.820809249
0.853707415
0.902542373
0.936263736
0.871165644
0.986111111
0.830409357
0.811428571
0.811428571
0.811428571
0.764811490
0.850299401
0.846918489
0.823984526
0.850299401
0.887500000
0.972602740
0.988399072
0.986111111
0.988399072
0.965986395
0.887500000
0.811428571
0.773139746
0.785977860
0.808349146
0.830409357
0.970387244
0.781651376
0.860606061
0.898734177
0.806818182
0.803773585
0.788888889
0.997658080
0.805293006
0.848605578
0.833659491
0.932166302
0.820809249
0.777372263
0.791821561
0.794776119
0.806818182
0.838582677
0.938325991
0.820809249
0.916129032
0.872950820
0.840236686
0.817658349
0.816091954
0.876543210
0.822393822
0.814531549
0.816091954
0.796261682
0.738301560
0.841897233
0.908315565
0.841897233
0.763440860
0.881987578
0.850299401
0.872950820
0.713567839
0.799249531
0.857142857
0.828793774
0.820809249
0.678343949
0.773139746
0.814531549
0.869387755
0.910256410
0.891213389
0.840236686
0.773139746
0.768953069
0.752650177
0.758007117
0.809885932
0.823984526
0.883817427
0.850299401
0.833659491
0.904458599
0.857142857
0.876543210
0.816091954
0.878350515
0.891213389
0.880165289
0.843564356
0.777372263
0.740869565
0.878350515
0.760714286
0.747368421
0.773139746
0.830409357
0.637724551
0.711185309
0.733218589
0.730703259
0.707641196
0.833659491
0.802259887
0.970387244
0.817658349
0.812977099
0.883817427
0.853707415
0.781651376
0.881987578
0.906382979
0.864097363
0.806818182
0.805293006
0.755319149
0.867617108
0.846918489
0.832031250
0.819230769
0.997658080
0.988399072
0.983833718
1
0.816091954
0.970387244
0.753982301
0.712374582
0.811428571
0.775956284
0.876543210
0.896842105
0.796261682
0.797752809
0.785977860
0.711185309
0.843564356
0.714765101
0.781651376
0.827184466
0.803773585
0.812977099
0.794776119
0.981566820
0.857142857
0.860606061
0.797752809
0.817658349
0.817658349
0.865853659
0.791821561
0.878350515
0.783088235
0.819230769
0.857142857
0.775956284
0.885654886
0.802259887
0.881987578
0.805293006
0.864097363
0.845238095
0.938325991
0.867617108
0.853707415
0.894957983
0.846918489
0.796261682
0.880165289
0.820809249
0.880165289
0.912205567
0.838582677
0.883817427
0.850299401
0.912205567
0.881987578
0.894957983
0.862348178
0.867617108
0.902542373
0.898734177
0.864097363
0.843564356
0.902542373
0.825581395
0.845238095
0.891213389
0.781651376
0.802259887
0.845238095
0.827184466
0.883817427
0.538558786
0.865853659
1
1
0.864097363
0.924078091
0.747368421
0.806818182
0.737024221
0.733218589
0.723259762
0.752650177
0.848605578
0.788888889
0.898734177
0.920086393
0.930131004
0.926086957
0.910256410
0.928104575
0.946666667
0.950892857
0.924078091
0.932166302
0.961625282
0.930131004
0.902542373
0.811428571
0.874743326
0.908315565
0.891213389
0.872950820
0.872950820
0.981566820
