*Vertices 427
0.633627400
0.625587873
0.617194401
0.664226018
0.702799590
0.653760873
0.626568987
0.598584363
0.663636364
0.692262578
0.682858456
0.692228920
0.690655335
0.660996678
0.671152594
0.663845886
0.638489361
0.645304627
0.643615408
0.620660723
0.673973652
0.695810605
0.591971351
0.621476261
0.653042985
0.657721780
0.639301875
0.650614637
0.628014378
0.601019333
0.599173789
0.611583283
0.589912471
0.597049639
0.615023759
0.612899051
0.635797625
0.585726023
0.596674094
0.595834825
0.608533640
0.608306904
0.608161089
0.603801005
0.633073052
0.632206304
0.610858041
0.576469731
0.579390191
0.577674390
0.585234209
0.577811052
0.585828899
0.587934668
0.592287702
0.573747551
0.582281138
0.582281138
0.587127366
0.592673571
0.585407467
0.619828960
0.593640827
0.625138340
0.598878148
0.611672508
0.586674794
0.582281138
0.591586334
0.594488423
0.595779514
0.588102984
0.616969655
0.622820754
0.600562422
0.593912628
0.586345463
0.600387987
0.584911210
0.587152988
0.598058097
0.600176444
0.590344988
0.600057889
0.594280321
0.574064408
0.590193203
0.590335356
0.590147405
0.581711782
0.588285051
0.588447684
0.577997558
0.599183981
0.613935778
0.604079050
0.583197346
0.586345297
0.606878464
0.609364234
0.581382895
0.581612223
0.586936224
0.630573031
0.603927597
0.625694325
0.600679560
0.603016964
0.619652874
0.652834030
0.619858051
0.622611964
0.599652538
0.607289024
0.603847508
0.626466017
0.623665660
0.638408695
0.645436468
0.644199248
0.632431149
0.597520738
0.639232418
0.619712479
0.640784151
0.642964102
0.663269088
0.615361394
0.653209594
0.630875705
0.638299421
0.622453399
0.629204761
0.606607900
0.597462467
0.679541653
0.663340296
0.657892428
0.631347352
0.616802620
0.692484927
0.672954159
0.647026680
0.635829419
0.631696311
0.611207286
0.661412719
0.637504213
0.634234101
0.629507530
0.599506443
0.604738016
0.585528371
0.621257902
0.594442871
0.607314128
0.639977302
0.616626482
0.626142465
0.616686518
0.667712339
0.634635438
0.656594582
0.580324339
0.589167216
0.574049796
0.596746300
0.588479072
0.588378661
0.578357293
0.588789864
0.589689815
0.609140847
0.596750451
0.583309040
0.575901479
0.587258181
0.575041555
0.581072073
0.583681761
0.575696767
0.575161703
0.611116870
0.615465229
0.600781854
0.630305428
0.622599878
0.631887788
0.625676531
0.613630970
0.628873239
0.635028166
0.626022724
0.647472571
0.644421155
0.616441812
0.639648685
0.618682398
0.605249271
0.590362059
0.605543126
0.582787817
0.600434623
0.605889195
0.588844487
0.584163524
0.609823590
0.598949939
0.601768600
0.585557244
0.577810338
0.583239139
0.578540431
0.578011537
0.586106376
0.588434566
0.594920183
0.618069443
0.640081800
0.648947951
0.640870655
0.634710351
0.625211639
0.577540610
0.645983692
0.621903818
0.604009656
0.633165157
0.641773572
0.644673922
0.585338513
0.639059285
0.621735571
0.632982577
0.600526891
0.641285864
0.641045684
0.642772837
0.642535664
0.639481329
0.629118923
0.594376163
0.634185390
0.606391667
0.622309509
0.628193461
0.636336171
0.643243990
0.616273673
0.625325925
0.629985544
0.637201805
0.607545023
0.619774386
0.610614057
0.596359684
0.611677976
0.627266606
0.614292447
0.610663411
0.621552690
0.656059904
0.639399854
0.611363094
0.620731129
0.641521039
0.668862108
0.644651163
0.611303655
0.621179657
0.598781549
0.594557784
0.599477587
0.592746401
0.584886900
0.618341308
0.597780694
0.577763096
0.591143087
0.610957299
0.593943834
0.593030878
0.583229728
0.581578738
0.617920503
0.641429492
0.619518768
0.602672363
0.606022687
0.620929187
0.610029095
0.647321195
0.602432960
0.623440663
0.639976275
0.618637874
0.598505874
0.697879544
0.629054520
0.632062321
0.630083782
0.621333333
0.620536484
0.627132009
0.585027857
0.634505173
0.621540986
0.606145170
0.613346639
0.651040003
0.609535171
0.593120886
0.607242340
0.626122769
0.627127281
0.643619338
0.625292398
0.609508283
0.622470935
0.616114003
0.580987791
0.583457754
0.582824223
0.582281138
0.627825366
0.588612802
0.649935430
0.663160188
0.620701300
0.633444801
0.604573696
0.596111519
0.627321008
0.638335020
0.641925044
0.660722128
0.619996335
0.674463848
0.621319538
0.606780769
0.620363383
0.632225703
0.611342174
0.586296513
0.603859314
0.607315960
0.638473900
0.637627026
0.638698160
0.622098422
0.654056694
0.580068790
0.602151106
0.598797001
0.570653298
0.623970013
0.589291178
0.599221184
0.579253564
0.616339442
0.577410871
0.592492299
0.579693176
0.592797784
0.579907610
0.579028369
0.594720548
0.605558439
0.577989871
0.606959369
0.584231726
0.581960227
0.605007119
0.572753241
0.599413919
0.579498106
0.579283021
0.577106383
0.581999280
0.590697138
0.569157062
0.582466703
0.595680117
0.596924922
0.590931815
0.608511016
0.599299414
0.594758498
0.612186243
0.604575545
0.595796482
0.601693867
0.601669963
0.754371585
0.602406376
0.583082022
0.582446838
0.589190956
0.578300216
0.619406375
0.611474219
0.645490762
0.634618013
0.624169158
0.625432462
0.592492837
0.603852337
0.594711802
0.592313095
0.582787616
0.597793465
0.599039926
0.599944176
0.594514956
0.589022922
0.595691521
0.587431729
0.591153699
0.580850157
0.582884322
0.609744658
0.578473581
0.575123372
0.589088328
0.599779009
0.595222959
0.580674217
