238
324
327
126
27
150
271
383
142
33
70
28
54
145
134
77
186
194
177
310
87
24
237
293
165
134
145
153
200
305
252
228
341
338
225
231
180
357
370
284
218
226
200
212
62
94
230
358
395
393
382
373
291
349
335
396
427
427
336
270
424
183
279
124
289
241
346
427
378
232
272
367
159
216
341
300
315
325
345
350
291
338
330
307
273
390
317
311
339
367
356
319
339
266
245
271
382
364
251
255
319
353
331
269
364
254
318
351
290
191
297
185
305
277
328
256
247
160
47
46
98
66
83
205
59
83
78
214
101
210
172
195
173
284
283
43
119
109
219
301
24
72
168
230
242
277
141
102
48
130
326
225
318
202
321
313
150
220
205
324
118
194
148
353
261
412
244
346
330
370
363
269
177
344
355
352
267
251
199
396
278
356
141
92
211
141
167
118
166
284
104
91
146
67
24
123
97
170
274
336
254
389
295
253
248
261
203
304
291
289
322
360
285
410
178
411
403
305
220
186
186
209
216
347
59
222
246
157
94
81
268
117
185
153
346
75
35
27
48
77
132
370
156
276
359
328
324
320
360
329
291
306
282
229
317
376
340
250
367
326
353
208
283
345
327
311
149
266
300
360
364
371
300
234
234
201
241
292
295
335
339
276
355
335
159
75
187
357
366
340
276
216
360
247
240
261
314
78
183
207
213
203
214
130
250
128
172
270
213
103
265
310
283
161
135
91
302
264
243
162
417
418
417
427
125
170
116
56
182
166
320
341
174
178
166
69
294
73
170
260
225
237
198
317
281
270
106
135
120
246
120
345
246
249
311
225
335
260
336
245
348
307
395
315
329
345
312
251
355
272
332
362
338
362
334
381
341
363
346
348
373
363
326
292
351
194
290
362
214
241
86
237
337
57
314
282
397
312
382
156
273
123
103
98
151
313
213
210
221
285
225
207
307
258
299
225
212
216
343
345
241
304
368
345
319
321
418
